      0/99     13.3G   0.04735   0.01197   0.05297    0.1123        14       640   0.02566    0.3486   0.02673    0.0171   0.05255  0.008684   0.05373
      1/99     13.3G   0.03367  0.009778    0.0513   0.09475        25       640   0.09071    0.1997     0.021  0.009956   0.05139  0.008897   0.05301
      2/99     13.3G   0.02935  0.009397   0.05101   0.08976        11       640   0.07669    0.3043   0.03318   0.02428   0.04369  0.007334   0.05249
      3/99     13.3G   0.02734   0.01002   0.04994    0.0873        14       640   0.08954    0.3195   0.04738   0.03284   0.04466  0.008441   0.05117
      4/99     13.3G   0.02628  0.009952   0.04759   0.08382        11       640    0.1007    0.3773   0.06678   0.04884   0.04215  0.008051   0.04956
      5/99     13.3G   0.02536  0.009697   0.04568   0.08073        14       640    0.1304    0.3332    0.1104    0.0846   0.02933  0.007488   0.04718
      6/99     13.3G   0.02313  0.009902   0.04334   0.07638        14       640    0.1983    0.3301    0.1526    0.1193   0.02209    0.0072   0.04524
      7/99     13.3G   0.02217  0.009733   0.04062   0.07252        11       640    0.2421      0.33    0.2043    0.1629   0.02154  0.006984   0.04306
      8/99     13.3G   0.02179  0.009743   0.03836   0.06989        14       640    0.3263    0.3148    0.2474    0.1952    0.0211  0.006805   0.04248
      9/99     13.3G   0.02172  0.009339   0.03634    0.0674        10       640    0.2938    0.3712    0.3022    0.2416   0.02084  0.006709   0.04027
     10/99     13.3G   0.02172   0.00915    0.0347   0.06556        15       640    0.3288    0.4501    0.3451    0.2773   0.02044  0.006601   0.03972
     11/99     13.3G   0.02173  0.009118   0.03261   0.06346        14       640    0.3514    0.4743    0.3834    0.3094   0.01988  0.006343   0.03719
     12/99     13.3G   0.02138  0.009066   0.03152   0.06197        14       640    0.4452    0.4204     0.384     0.308   0.02015  0.006438   0.03835
     13/99     13.3G   0.02144  0.008846   0.02988   0.06016        13       640    0.5177    0.3673    0.3953     0.317   0.02101  0.006617   0.03729
     14/99     13.3G   0.02124  0.008719   0.02865   0.05861        12       640    0.4711    0.5095    0.4747    0.3783    0.0192  0.006291   0.03427
     15/99     13.3G   0.02109  0.008658   0.02712   0.05687        26       640    0.5041    0.5373     0.517    0.4185   0.01888    0.0063   0.03299
     16/99     13.3G   0.02125  0.008527   0.02626   0.05604        15       640     0.563     0.521     0.541    0.4377    0.0191  0.006333   0.03283
     17/99     13.3G   0.02092  0.008365   0.02547   0.05475        20       640    0.5493    0.5246    0.5402    0.4422   0.01842    0.0063   0.03165
     18/99     13.3G   0.02102  0.008438    0.0245   0.05397        13       640    0.5942    0.5402    0.5864    0.4744    0.0185  0.006254   0.03037
     19/99     13.3G   0.02075  0.008259   0.02351   0.05252        12       640    0.5733    0.5614    0.5863    0.4867   0.01846  0.006563   0.03007
     20/99     13.3G   0.02054  0.008069   0.02253   0.05114        13       640    0.6815    0.5401    0.6264    0.5169   0.01779  0.006199   0.02804
     21/99     13.3G   0.02038  0.008126   0.02136   0.04986        13       640    0.6685    0.5819    0.6413    0.5313   0.01783  0.006273   0.02751
     22/99     13.3G   0.02019  0.007912   0.02101   0.04911        13       640    0.6948    0.5946    0.6677     0.557   0.01749  0.006363   0.02734
     23/99     13.3G   0.01995  0.007824   0.01957   0.04734        15       640    0.7086     0.592    0.6706    0.5653   0.01698  0.006308   0.02696
     24/99     13.3G   0.01979  0.007749   0.01927    0.0468         8       640    0.7251     0.606    0.6837    0.5779   0.01722   0.00642   0.02626
     25/99     13.3G    0.0198  0.007585   0.01849   0.04587        12       640    0.7282    0.6092    0.6948    0.5862   0.01683  0.006315   0.02581
     26/99     13.3G   0.01956  0.007533   0.01819   0.04528        18       640    0.6923    0.6486     0.704    0.5972   0.01679  0.006245   0.02461
     27/99     13.3G   0.01945  0.007475   0.01767    0.0446        10       640    0.7007    0.6631    0.7226    0.6135   0.01644  0.006361   0.02361
     28/99     13.3G    0.0192  0.007395   0.01696   0.04355        17       640    0.7249    0.6733    0.7351    0.6296   0.01632  0.006183   0.02213
     29/99     13.3G   0.01915  0.007471   0.01676   0.04338         9       640    0.7956    0.6367    0.7404    0.6271   0.01661  0.006198   0.02276
     30/99     13.3G   0.01898  0.007314   0.01591    0.0422        26       640    0.7697    0.6716    0.7532    0.6497   0.01614  0.006428   0.02118
     31/99     13.3G   0.01893  0.007096   0.01507    0.0411        28       640    0.7988    0.6844    0.7722    0.6653   0.01606  0.006573   0.02279
     32/99     13.3G   0.01866  0.007026   0.01467   0.04036        26       640    0.8165    0.6753     0.783    0.6727   0.01577  0.006596   0.02021
     33/99     13.3G   0.01851  0.007057   0.01437   0.03993        14       640    0.8169    0.6707    0.7794    0.6679   0.01567  0.006538   0.02044
     34/99     13.3G   0.01857  0.006995   0.01366   0.03923        13       640    0.7889    0.7156    0.7943     0.688   0.01554  0.006532   0.01937
     35/99     13.3G   0.01829  0.006885   0.01349   0.03866        18       640    0.8162    0.7029    0.7949    0.6944   0.01535  0.006565   0.01943
     36/99     13.3G    0.0182  0.006767   0.01309   0.03806        14       640    0.8215    0.7116    0.8015    0.7043   0.01499  0.006565   0.02104
     37/99     13.3G   0.01782  0.006755   0.01266   0.03723        18       640    0.8541    0.6945    0.8122    0.7096   0.01504  0.006591   0.01923
     38/99     13.3G   0.01781  0.006632   0.01245    0.0369        10       640    0.8065    0.7377    0.8173    0.7158   0.01492  0.006644   0.01814
     39/99     13.3G   0.01765  0.006658   0.01163   0.03593        17       640    0.8546    0.7267    0.8296    0.7312   0.01486  0.006946   0.01687
     40/99     13.3G   0.01748  0.006532   0.01131   0.03532        24       640    0.8247    0.7257    0.8191    0.7208   0.01477  0.006746   0.01788
     41/99     13.3G    0.0175  0.006337   0.01106   0.03489        16       640    0.8335    0.7439    0.8325    0.7324   0.01473  0.006874   0.01707
     42/99     13.3G   0.01713  0.006489   0.01103   0.03465        12       640    0.8448    0.7328    0.8377    0.7398   0.01443  0.006915   0.01684
     43/99     13.3G   0.01722   0.00635   0.01063   0.03419        14       640    0.8701    0.7402    0.8428    0.7464   0.01418  0.006876   0.01586
     44/99     13.3G   0.01696  0.006287   0.01026   0.03351        16       640    0.8476     0.745    0.8392    0.7427   0.01428  0.007194   0.01607
     45/99     13.3G   0.01676  0.006155    0.0102   0.03311        41       640    0.8399    0.7563    0.8458    0.7557   0.01402  0.007129   0.01639
     46/99     13.3G   0.01662  0.006126  0.009931   0.03268        11       640    0.8559     0.759    0.8533    0.7603   0.01402  0.007222   0.01549
     47/99     13.3G   0.01633  0.006153  0.009108   0.03159        54       640    0.8645    0.7573    0.8544    0.7616   0.01385  0.007024   0.01595
     48/99     13.3G   0.01639  0.005967  0.008971   0.03132        12       640     0.891    0.7346    0.8512    0.7624   0.01366   0.00731   0.01562
     49/99     13.3G   0.01608  0.005949  0.008832   0.03086        12       640    0.8692    0.7615    0.8591    0.7693   0.01356  0.007509   0.01505
     50/99     13.3G   0.01605  0.005848  0.008832   0.03073        14       640    0.8634    0.7725    0.8575    0.7719   0.01348  0.007417   0.01523
     51/99     13.3G    0.0158  0.005788  0.008362   0.02995        13       640     0.874    0.7683    0.8626    0.7757    0.0135  0.007641   0.01514
     52/99     13.3G   0.01567  0.005706   0.00818   0.02955         9       640    0.8643    0.7951     0.869    0.7825   0.01328  0.007461   0.01475
     53/99     13.3G   0.01537  0.005707  0.007855   0.02893        10       640    0.8724    0.7874    0.8652    0.7781    0.0133  0.007366   0.01506
     54/99     13.3G   0.01528   0.00561  0.007728   0.02862        18       640     0.881    0.7895    0.8699     0.782   0.01327  0.007617    0.0145
     55/99     13.3G   0.01509  0.005575  0.007661   0.02833        17       640    0.8745    0.7957    0.8741     0.788   0.01315  0.007447   0.01433
     56/99     13.3G   0.01495  0.005558  0.007174   0.02768        12       640    0.8835    0.7872    0.8755    0.7893   0.01324  0.007512   0.01448
     57/99     13.3G   0.01493  0.005531  0.007099   0.02756        18       640    0.8793     0.792    0.8779    0.7916   0.01316  0.007544   0.01376
     58/99     13.3G    0.0147  0.005432  0.006902   0.02704         7       640    0.8747    0.7896     0.871    0.7872   0.01297  0.007785   0.01426
     59/99     13.3G   0.01462  0.005374  0.006632   0.02663        14       640    0.8844    0.8041    0.8789    0.7962   0.01295  0.007796   0.01395
     60/99     13.3G   0.01436  0.005344  0.006767   0.02647        17       640    0.9003    0.7938     0.882    0.7994   0.01298  0.007966   0.01358
     61/99     13.3G   0.01406  0.005241  0.006324   0.02562         9       640    0.8701    0.8093    0.8826    0.8024    0.0128  0.007922   0.01334
     62/99     13.3G   0.01413  0.005194  0.006262   0.02559        12       640     0.901    0.7892    0.8854    0.8047   0.01266  0.008095   0.01338
     63/99     13.3G   0.01388  0.005109  0.006286   0.02527        10       640    0.9035    0.7914    0.8859    0.8067   0.01254    0.0079   0.01334
     64/99     13.3G   0.01385  0.005074  0.006051   0.02497        15       640    0.8823    0.8056    0.8849    0.8062   0.01249    0.0082   0.01349
     65/99     13.3G   0.01361  0.005001  0.005758   0.02437        18       640      0.88     0.808    0.8883    0.8096   0.01256  0.008388   0.01305
     66/99     13.3G   0.01354  0.004956  0.005903   0.02439         9       640    0.8916    0.8051    0.8907    0.8115   0.01248  0.008415   0.01315
     67/99     13.3G   0.01317  0.004866  0.005452   0.02349        22       640    0.8892    0.8085    0.8863    0.8094   0.01249  0.008382   0.01347
     68/99     13.3G   0.01332  0.004871  0.005469   0.02366        14       640    0.8992    0.8076    0.8852    0.8087   0.01254  0.008508   0.01333
     69/99     13.3G   0.01291  0.004863  0.005193   0.02297        18       640    0.9029    0.8043    0.8853    0.8086   0.01248  0.008718   0.01343
     70/99     13.3G   0.01296  0.004785  0.005043   0.02278        14       640    0.8822    0.8219    0.8877    0.8118   0.01249   0.00878   0.01341
     71/99     13.3G   0.01282  0.004731  0.005013   0.02256        13       640    0.8871     0.811    0.8868    0.8094   0.01239  0.008725   0.01364
     72/99     13.3G   0.01282  0.004655  0.005229    0.0227        13       640    0.9085    0.8049    0.8896    0.8129   0.01231  0.008649   0.01338
     73/99     13.3G   0.01254  0.004573  0.004768   0.02188        13       640    0.8979    0.8106    0.8895    0.8102   0.01237  0.008846   0.01317
     74/99     13.3G   0.01244  0.004594  0.004705   0.02174        13       640    0.9039    0.8038    0.8887    0.8121   0.01234  0.008924   0.01317
     75/99     13.3G   0.01232  0.004533  0.004551   0.02141         8       640    0.9072    0.7977    0.8893    0.8113   0.01234  0.008887   0.01323
     76/99     13.3G   0.01219  0.004587  0.004579   0.02136        18       640    0.8754    0.8237    0.8918    0.8145   0.01231  0.009144   0.01321
     77/99     13.3G   0.01207  0.004472  0.004371   0.02091        22       640    0.8982    0.8065     0.892    0.8157   0.01232  0.009284   0.01332
     78/99     13.3G    0.0121  0.004428  0.004269    0.0208         9       640    0.8948    0.8149    0.8922    0.8159   0.01237  0.009238   0.01334
     79/99     13.3G   0.01196  0.004371  0.004188   0.02052        16       640    0.9011    0.8088    0.8911    0.8146   0.01237  0.009252   0.01323
     80/99     13.3G   0.01186  0.004355  0.004315   0.02053        15       640    0.8982    0.8159    0.8924    0.8167   0.01234  0.009309   0.01319
     81/99     13.3G   0.01184  0.004331  0.004207   0.02037        15       640    0.9139     0.807    0.8934    0.8187   0.01232  0.009297   0.01314
     82/99     13.3G   0.01173  0.004275  0.004099    0.0201        21       640    0.9144    0.8102     0.895    0.8196   0.01228  0.009282   0.01307
     83/99     13.3G   0.01152  0.004259  0.003855   0.01964        18       640    0.8941     0.825    0.8963    0.8196   0.01229   0.00928   0.01308
     84/99     13.3G   0.01153  0.004253  0.003981   0.01976         5       640    0.9035    0.8199    0.8968    0.8208   0.01227  0.009267   0.01308
     85/99     13.3G   0.01129   0.00416  0.003762   0.01922        11       640    0.8994    0.8225    0.8963    0.8207   0.01223    0.0093   0.01308
     86/99     13.3G   0.01117  0.004159  0.003817   0.01915        19       640     0.917    0.8081    0.8973    0.8221    0.0122  0.009361     0.013
     87/99     13.3G   0.01133  0.004168  0.003767   0.01927        10       640     0.903    0.8242    0.8983    0.8243   0.01218  0.009422   0.01291
     88/99     13.3G   0.01108  0.004088   0.00357   0.01874        13       640     0.915     0.814    0.8979    0.8244   0.01215  0.009471   0.01295
     89/99     13.3G   0.01107  0.004065  0.003704   0.01884        10       640    0.9046    0.8229     0.898    0.8248   0.01216  0.009525   0.01293
     90/99     13.3G   0.01108  0.004134  0.003695   0.01891        11       640    0.9076    0.8221     0.899    0.8253   0.01213   0.00956   0.01284
     91/99     13.3G   0.01094     0.004    0.0038   0.01874         8       640    0.9038    0.8276    0.8989    0.8249   0.01211  0.009602   0.01282
     92/99     13.3G   0.01095  0.004011  0.003553   0.01851         7       640    0.9054    0.8286    0.8993    0.8268   0.01209   0.00962   0.01278
     93/99     13.3G   0.01089  0.003964  0.003422   0.01828        20       640    0.9148    0.8191       0.9     0.827   0.01209   0.00967   0.01279
     94/99     13.3G   0.01096  0.004047  0.003395    0.0184        13       640    0.9046    0.8275    0.8998    0.8269   0.01209    0.0097   0.01281
     95/99     13.3G   0.01075   0.00392   0.00333     0.018         8       640    0.9082    0.8231    0.8986    0.8255    0.0121  0.009728   0.01281
     96/99     13.3G   0.01069  0.003912  0.003334   0.01794        10       640    0.9048    0.8232    0.8984    0.8254   0.01211  0.009758   0.01278
     97/99     13.3G   0.01067  0.003914  0.003162   0.01774        13       640    0.8972    0.8309    0.8987    0.8252   0.01212  0.009782   0.01276
     98/99     13.3G   0.01068  0.003892  0.003432   0.01801         8       640    0.9093    0.8181    0.8981    0.8245   0.01213  0.009797   0.01276
     99/99     13.3G   0.01067  0.003895  0.003289   0.01785        15       640     0.896    0.8293    0.8982    0.8246   0.01213  0.009795    0.0128
