16 0.103 0.470 0.048 0.050
16 0.187 0.461 0.046 0.047
16 0.280 0.467 0.047 0.049
16 0.336 0.479 0.041 0.044
16 0.406 0.474 0.039 0.039
16 0.439 0.461 0.041 0.044
16 0.485 0.487 0.039 0.042
16 0.494 0.467 0.036 0.032
16 0.531 0.468 0.035 0.040
16 0.563 0.458 0.037 0.040
16 0.598 0.479 0.036 0.040
16 0.612 0.407 0.044 0.048
16 0.651 0.401 0.041 0.049
16 0.966 0.561 0.047 0.042
16 0.858 0.542 0.045 0.042
16 0.884 0.533 0.042 0.042
16 0.789 0.504 0.040 0.044
16 0.762 0.505 0.041 0.043
16 0.720 0.497 0.037 0.042
16 0.679 0.504 0.040 0.039
16 0.736 0.414 0.043 0.049
16 0.707 0.363 0.046 0.051
