18 0.064 0.542 0.095 0.064
18 0.152 0.553 0.103 0.075
18 0.271 0.566 0.113 0.085
18 0.420 0.584 0.126 0.100
18 0.877 0.534 0.138 0.060
18 0.713 0.528 0.121 0.055
18 0.582 0.522 0.108 0.050
18 0.474 0.516 0.098 0.046
18 0.382 0.506 0.090 0.035
18 0.240 0.503 0.077 0.037
18 0.177 0.499 0.063 0.035
21 0.883 0.506 0.076 0.046
21 0.791 0.504 0.074 0.044
21 0.719 0.503 0.072 0.042
21 0.649 0.499 0.068 0.033
21 0.585 0.501 0.068 0.035
21 0.522 0.497 0.061 0.036
21 0.473 0.495 0.056 0.033
21 0.422 0.493 0.062 0.034
