21 0.176 0.754 0.271 0.248
21 0.413 0.666 0.242 0.217
21 0.707 0.708 0.258 0.231
21 0.863 0.629 0.228 0.203
21 0.247 0.425 0.152 0.126
21 0.377 0.391 0.141 0.116
21 0.554 0.408 0.148 0.121
21 0.655 0.382 0.138 0.110
21 0.566 0.277 0.099 0.079
21 0.491 0.290 0.104 0.082
21 0.363 0.284 0.101 0.083
21 0.274 0.298 0.106 0.086
21 0.517 0.215 0.077 0.061
21 0.455 0.224 0.082 0.061
21 0.356 0.219 0.075 0.061
21 0.287 0.229 0.080 0.063
21 0.294 0.187 0.066 0.051
21 0.356 0.179 0.064 0.050
21 0.432 0.182 0.066 0.050
21 0.485 0.178 0.064 0.049
21 0.296 0.159 0.056 0.042
21 0.355 0.153 0.056 0.039
21 0.417 0.154 0.056 0.044
21 0.442 0.129 0.045 0.034
21 0.432 0.117 0.037 0.027
21 0.424 0.103 0.031 0.019
21 0.403 0.134 0.041 0.030
21 0.396 0.116 0.036 0.026
21 0.392 0.106 0.033 0.022
21 0.353 0.132 0.049 0.031
21 0.350 0.116 0.040 0.023
21 0.349 0.103 0.034 0.020
21 0.300 0.134 0.047 0.036
21 0.303 0.120 0.042 0.027
21 0.307 0.106 0.037 0.022
