0 0.144 0.034 0.030 0.030
0 0.158 0.045 0.031 0.031
0 0.173 0.055 0.032 0.032
0 0.188 0.066 0.032 0.033
0 0.204 0.078 0.034 0.034
0 0.240 0.105 0.035 0.037
0 0.260 0.120 0.036 0.039
0 0.282 0.136 0.038 0.040
0 0.306 0.154 0.039 0.041
0 0.331 0.173 0.040 0.044
0 0.359 0.194 0.042 0.045
0 0.068 0.145 0.034 0.036
0 0.081 0.160 0.035 0.036
0 0.095 0.176 0.037 0.038
0 0.110 0.195 0.038 0.040
0 0.125 0.211 0.039 0.041
0 0.141 0.232 0.040 0.043
0 0.161 0.254 0.042 0.044
0 0.181 0.278 0.043 0.046
0 0.202 0.304 0.045 0.050
0 0.253 0.364 0.049 0.055
0 0.281 0.400 0.051 0.058
0 0.314 0.438 0.053 0.064
0 0.351 0.481 0.056 0.068
0 0.392 0.529 0.058 0.074
0 0.438 0.582 0.062 0.078
0 0.492 0.645 0.066 0.087
0 0.552 0.715 0.071 0.093
0 0.620 0.799 0.078 0.104
0 0.700 0.892 0.086 0.116
0 0.422 0.242 0.045 0.050
0 0.459 0.269 0.048 0.053
0 0.500 0.297 0.049 0.057
0 0.592 0.371 0.056 0.065
0 0.647 0.411 0.060 0.069
0 0.710 0.460 0.065 0.077
0 0.777 0.512 0.071 0.082
0 0.859 0.575 0.081 0.091
