15 0.665 0.535 0.072 0.036
15 0.539 0.556 0.073 0.036
15 0.447 0.573 0.073 0.036
15 0.364 0.565 0.073 0.036
15 0.274 0.553 0.073 0.036
15 0.289 0.307 0.062 0.027
15 0.368 0.306 0.062 0.028
15 0.458 0.307 0.062 0.028
15 0.575 0.293 0.062 0.027
15 0.658 0.281 0.062 0.027
15 0.315 0.175 0.056 0.024
15 0.414 0.180 0.057 0.024
15 0.483 0.185 0.058 0.025
15 0.554 0.175 0.058 0.025
15 0.653 0.150 0.056 0.025
15 0.347 0.062 0.050 0.020
15 0.437 0.060 0.050 0.021
15 0.495 0.060 0.050 0.021
15 0.575 0.051 0.052 0.021
15 0.650 0.042 0.050 0.020
15 0.195 0.884 0.088 0.048
15 0.315 0.892 0.088 0.049
15 0.433 0.902 0.090 0.049
15 0.551 0.878 0.088 0.048
15 0.695 0.852 0.088 0.047
