17 0.067 0.701 0.133 0.107
17 0.153 0.717 0.175 0.112
17 0.362 0.674 0.167 0.107
17 0.323 0.549 0.112 0.078
17 0.470 0.534 0.114 0.077
17 0.559 0.533 0.116 0.077
17 0.686 0.514 0.115 0.073
17 0.577 0.463 0.087 0.058
17 0.689 0.451 0.088 0.056
17 0.753 0.449 0.092 0.058
17 0.727 0.413 0.070 0.047
17 0.851 0.437 0.088 0.057
17 0.821 0.403 0.068 0.045
17 0.878 0.400 0.071 0.048
17 0.837 0.378 0.062 0.039
17 0.949 0.391 0.071 0.045
17 0.910 0.371 0.060 0.037
17 0.914 0.352 0.051 0.032
17 0.964 0.367 0.062 0.038
17 0.980 0.345 0.040 0.034
17 0.963 0.335 0.045 0.034
