15 0.565 0.929 0.060 0.016
15 0.491 0.917 0.060 0.016
15 0.417 0.904 0.061 0.015
15 0.345 0.926 0.061 0.015
15 0.249 0.955 0.060 0.017
15 0.667 0.708 0.064 0.018
15 0.564 0.703 0.065 0.017
15 0.493 0.693 0.065 0.020
15 0.404 0.715 0.065 0.018
15 0.305 0.739 0.064 0.019
15 0.706 0.552 0.068 0.023
15 0.606 0.535 0.068 0.021
15 0.527 0.521 0.070 0.021
15 0.432 0.546 0.069 0.020
15 0.358 0.574 0.069 0.022
15 0.738 0.354 0.073 0.020
15 0.627 0.344 0.073 0.020
15 0.555 0.333 0.073 0.022
15 0.479 0.355 0.073 0.021
15 0.378 0.371 0.072 0.019
15 0.854 0.090 0.079 0.025
15 0.694 0.075 0.080 0.023
15 0.600 0.053 0.079 0.025
15 0.482 0.087 0.079 0.024
15 0.382 0.116 0.078 0.024
