16 0.094 0.782 0.048 0.042
16 0.223 0.748 0.047 0.041
16 0.208 0.703 0.045 0.043
16 0.439 0.649 0.048 0.040
16 0.435 0.589 0.046 0.037
16 0.520 0.609 0.048 0.040
16 0.488 0.539 0.046 0.035
16 0.437 0.420 0.038 0.027
16 0.469 0.439 0.040 0.029
16 0.501 0.384 0.040 0.025
16 0.527 0.415 0.041 0.027
16 0.777 0.525 0.048 0.036
16 0.775 0.476 0.045 0.034
16 0.866 0.478 0.048 0.035
16 0.830 0.429 0.046 0.034
16 0.684 0.363 0.042 0.030
16 0.651 0.331 0.038 0.028
16 0.765 0.328 0.041 0.028
16 0.708 0.266 0.039 0.025
16 0.600 0.209 0.035 0.022
16 0.671 0.178 0.035 0.022
16 0.639 0.148 0.033 0.022
