40 0.325 0.261 0.532 0.379
40 0.766 0.172 0.230 0.071
40 0.766 0.470 0.241 0.062
40 0.767 0.668 0.222 0.190
40 0.490 0.657 0.092 0.050
40 0.513 0.730 0.070 0.060
40 0.536 0.805 0.083 0.050
40 0.556 0.883 0.086 0.040
40 0.435 0.914 0.068 0.060
40 0.420 0.845 0.087 0.043
40 0.399 0.763 0.093 0.073
40 0.371 0.675 0.086 0.054
40 0.265 0.725 0.069 0.076
40 0.287 0.798 0.074 0.073
40 0.303 0.869 0.092 0.031
40 0.317 0.937 0.054 0.041
40 0.170 0.891 0.105 0.052
40 0.106 0.783 0.060 0.029
40 0.162 0.763 0.053 0.017
40 0.111 0.718 0.126 0.056
